81
99590 -287544 373 0
211954 -306840 1333 0
251515 -312183 1671 0
208144 311816 3281 0
176352 307131 3561 0
144566 304660 3824 0
107665 298172 4158 0
49830 294213 4634 0
151717 -465105 11895 0
181490 -468434 12150 0
155903 138601 14804 0
-48942 115685 16555 0
-51140 115642 16574 0
52280 -38141 26767 0
23186 -41765 27016 0
-54011 531570 32291 0
103881 510310 33640 0
187376 495434 34354 0
13861 -211175 38172 0
-34598 -214714 38587 0
-75905 -220377 38940 0
35736 345965 44172 0
72395 341191 44490 0
121560 338472 44868 0
193031 327217 45479 0
212232 324728 45643 0
166638 -356805 47944 0
91217 -366208 48588 0
53193 182381 55361 0
110446 174050 55850 0
140477 172177 56107 0
176005 167222 56411 0
191567 164736 56544 0
72522 14482 66603 0
150530 436646 81327 0
70548 427019 81996 0
12309 421205 82493 0
2098 419530 82581 0
29769 -313643 88391 0
79390 -318319 88816 0
122799 -322561 89187 0
167259 -332471 89567 0
209231 -338945 89925 0
253460 -343069 90303 0
217925 279295 91817 0
200221 276757 91986 0
99515 264655 92825 0
153844 -498077 100529 0
181768 -501826 100767 0
-45561 83442 105142 0
-55421 494825 120894 0
-26061 487663 121145 0
117709 472499 122374 0
122891 471565 122418 0
176316 463415 122875 0
227946 456277 123316 0
9713 -242471 126823 0
-18187 -248590 127062 0
-122275 -262847 127959 0
65400 310901 133004 0
90761 306468 133220 0
120221 302563 133472 0
164941 300170 133854 0
196671 295095 134126 0
139492 -395600 136810 0
100310 -400852 137160 0
-52509 161142 143073 0
11743 158269 143622 0
113851 137805 144495 0
146886 135445 144777 0
196299 134124 145199 0
11881 -9111 154700 0
61753 -21308 155126 0
200573 577316 158423 0
-65681 543455 160698 0
-45131 -167684 165290 0
-30556 -170989 165414 0
152854 405914 169907 0
138689 403150 170029 0
132309 236463 181160 0
126510 68711 192286 0
